0 2 0.155381
0 4 0.154707
0 24 0.0976107
0 26 0.20382
0 3 -0.256016
0 5 -0.254906
0 25 -0.16083
0 27 -0.335828
1 16 0.154707
1 18 0.155381
1 38 0.20382
1 40 0.0976107
1 17 0.254906
1 19 0.256016
1 39 0.335828
1 41 0.16083
2 24 0.00385582
2 26 0.0940279
2 46 0.000600638
2 48 0.0146471
2 25 -0.00704792
2 27 -0.17187
2 47 -0.00109788
2 49 -0.026773
3 26 0.14262
3 28 0.025357
3 48 0.179559
3 50 0.0532699
3 27 -0.291987
3 29 -0.0519136
3 49 -0.367613
3 51 -0.10906
4 36 0.025357
4 38 0.14262
4 58 0.0532699
4 60 0.179559
4 37 0.0519136
4 39 0.291987
4 59 0.10906
4 61 0.367613
5 38 0.0940279
5 40 0.00385582
5 60 0.0146471
5 62 0.000600638
5 39 0.17187
5 41 0.00704792
5 61 0.026773
5 63 0.00109788
6 48 0.0834079
6 50 0.0977737
6 70 0.0668327
6 72 0.121955
6 49 -0.225255
6 51 -0.264051
6 71 -0.180491
6 73 -0.329355
7 58 0.0977737
7 60 0.0834079
7 80 0.121955
7 82 0.0668327
7 59 0.264051
7 61 0.225255
7 81 0.329355
7 83 0.180491
8 70 0.0187079
8 72 0.108822
8 92 0.0096986
8 94 0.0963009
8 71 -0.0756394
8 73 -0.439987
8 93 -0.0392131
8 95 -0.389362
9 80 0.108822
9 82 0.0187079
9 102 0.0963009
9 104 0.0096986
9 81 0.439987
9 83 0.0756394
9 103 0.389362
9 105 0.0392131
10 94 0.0582242
10 96 0.00373421
10 116 0.06158
10 118 0.0062198
10 95 -0.448251
10 97 -0.0287486
10 117 -0.474086
10 119 -0.0478844
11 100 0.00373421
11 102 0.0582242
11 122 0.0062198
11 124 0.06158
11 101 0.0287486
11 103 0.448251
11 123 0.0478844
11 125 0.474086
12 116 0.0297309
12 118 0.0060256
12 138 0.0297072
12 140 0.00680639
12 117 -0.411212
12 119 -0.083341
12 139 -0.410884
12 141 -0.0941402
13 122 0.0060256
13 124 0.0297309
13 144 0.00680639
13 146 0.0297072
13 123 0.083341
13 125 0.411212
13 145 0.0941402
13 147 0.410884
14 138 0.0212065
14 140 0.00649884
14 160 0.0208641
14 162 0.00689375
14 139 -0.382286
14 141 -0.117154
14 161 -0.376114
14 163 -0.124273
15 144 0.00649884
15 146 0.0212065
15 166 0.00689375
15 168 0.0208641
15 145 0.117154
15 147 0.382286
15 167 0.124273
15 169 0.376114
16 160 0.0265259
16 162 0.0111953
16 182 0.0253988
16 184 0.0116957
16 161 -0.354444
16 163 -0.149595
16 183 -0.339384
16 185 -0.15628
17 166 0.0111953
17 168 0.0265259
17 188 0.0116957
17 190 0.0253988
17 167 0.149595
17 169 0.354444
17 189 0.15628
17 191 0.339384
18 182 0.0378913
18 184 0.023873
18 204 0.0335953
18 206 0.0238866
18 183 -0.317614
18 185 -0.20011
18 205 -0.281605
18 207 -0.200223
19 188 0.023873
19 190 0.0378913
19 210 0.0238866
19 212 0.0335953
19 189 0.20011
19 191 0.317614
19 211 0.200223
19 213 0.281605
20 204 0.0396459
20 206 0.0440581
20 226 0.037919
20 228 0.0510915
20 205 -0.230173
20 207 -0.25579
20 227 -0.220148
20 229 -0.296624
21 210 0.0440581
21 212 0.0396459
21 232 0.0510915
21 234 0.037919
21 211 0.25579
21 213 0.230173
21 233 0.296624
21 235 0.220148
22 0 1
23 1 1
24 4 1
25 5 1
26 6 1
27 7 1
28 8 1
29 9 1
30 10 1
31 11 1
32 12 1
33 13 1
34 14 1
35 15 1
36 16 1
37 17 1
38 20 1
39 21 1
40 22 1
41 23 1
42 42 1
43 43 1
44 44 1
45 45 1
46 64 1
47 65 1
48 66 1
49 67 1
50 68 1
51 69 1
52 84 1
53 85 1
54 86 1
55 87 1
56 88 1
57 89 1
58 90 1
59 91 1
60 106 1
61 107 1
62 108 1
63 109 1
64 110 1
65 111 1
66 112 1
67 113 1
68 114 1
69 115 1
70 126 1
71 127 1
72 128 1
73 129 1
74 130 1
75 131 1
76 132 1
77 133 1
78 134 1
79 135 1
80 136 1
81 137 1
82 148 1
83 149 1
84 150 1
85 151 1
86 152 1
87 153 1
88 154 1
89 155 1
90 156 1
91 157 1
92 158 1
93 159 1
94 170 1
95 171 1
96 172 1
97 173 1
98 174 1
99 175 1
100 176 1
101 177 1
102 178 1
103 179 1
104 180 1
105 181 1
106 192 1
107 193 1
108 194 1
109 195 1
110 196 1
111 197 1
112 198 1
113 199 1
114 200 1
115 201 1
116 202 1
117 203 1
118 214 1
119 215 1
120 216 1
121 217 1
122 218 1
123 219 1
124 220 1
125 221 1
126 222 1
127 223 1
128 224 1
129 225 1
130 236 1
131 237 1
132 238 1
133 239 1
134 240 1
135 241 1
