2 2 745.075
2 3 1245.15
2 4 1277.3
2 5 -1237.06
2 24 -736.982
2 25 769.148
2 26 -1285.39
2 27 -777.241
3 2 1245.15
3 3 2773.43
3 4 2793.44
3 5 -2769.39
3 24 -1241.12
3 25 1281.36
3 26 -2797.48
3 27 -1285.39
4 2 1277.3
4 3 2793.44
4 4 3542.1
4 5 -2801.54
4 24 -1285.39
4 25 2006.72
4 26 -3534.01
4 27 -1998.63
5 2 -1237.06
5 3 -2769.39
5 4 -2801.54
5 5 2779.01
5 24 1246.68
5 25 -1285.39
5 26 2791.92
5 27 1275.77
24 2 -736.982
24 3 -1241.12
24 4 -1285.39
24 5 1246.68
24 24 742.545
24 25 -773.185
24 26 1279.83
24 27 767.622
25 2 769.148
25 3 1281.36
25 4 2006.72
25 5 -1285.39
25 24 -773.185
25 25 1505.64
25 26 -2002.68
25 27 -1501.6
26 2 -1285.39
26 3 -2797.48
26 4 -3534.01
26 5 2791.92
26 24 1279.83
26 25 -2002.68
26 26 3539.57
26 27 2008.25
27 2 -777.241
27 3 -1285.39
27 4 -1998.63
27 5 1275.77
27 24 767.622
27 25 -1501.6
27 26 2008.25
27 27 1511.22
4 4 5232.66
4 5 4169.45
4 6 3122.92
4 7 -4152.77
4 26 -5215.98
4 27 4152.77
4 28 -3139.59
4 29 -4169.45
5 4 4169.45
5 5 5232.66
5 6 4152.77
5 7 -5215.98
5 26 -4152.77
5 27 3122.92
5 28 -4169.45
5 29 -3139.59
6 4 3122.92
6 5 4152.77
6 6 5232.66
6 7 -4169.45
6 26 -3139.59
6 27 4169.45
6 28 -5215.98
6 29 -4152.77
7 4 -4152.77
7 5 -5215.98
7 6 -4169.45
7 7 5232.66
7 26 4169.45
7 27 -3139.59
7 28 4152.77
7 29 3122.92
26 4 -5215.98
26 5 -4152.77
26 6 -3139.59
26 7 4169.45
26 26 5232.66
26 27 -4169.45
26 28 3122.92
26 29 4152.77
27 4 4152.77
27 5 3122.92
27 6 4169.45
27 7 -3139.59
27 26 -4169.45
27 27 5232.66
27 28 -4152.77
27 29 -5215.98
28 4 -3139.59
28 5 -4169.45
28 6 -5215.98
28 7 4152.77
28 26 3122.92
28 27 -4152.77
28 28 5232.66
28 29 4169.45
29 4 -4169.45
29 5 -3139.59
29 6 -4152.77
29 7 3122.92
29 26 4152.77
29 27 -5215.98
29 28 4169.45
29 29 5232.66
6 6 5232.66
6 7 4169.45
6 8 3122.92
6 9 -4152.77
6 28 -5215.98
6 29 4152.77
6 30 -3139.59
6 31 -4169.45
7 6 4169.45
7 7 5232.66
7 8 4152.77
7 9 -5215.98
7 28 -4152.77
7 29 3122.92
7 30 -4169.45
7 31 -3139.59
8 6 3122.92
8 7 4152.77
8 8 5232.66
8 9 -4169.45
8 28 -3139.59
8 29 4169.45
8 30 -5215.98
8 31 -4152.77
9 6 -4152.77
9 7 -5215.98
9 8 -4169.45
9 9 5232.66
9 28 4169.45
9 29 -3139.59
9 30 4152.77
9 31 3122.92
28 6 -5215.98
28 7 -4152.77
28 8 -3139.59
28 9 4169.45
28 28 5232.66
28 29 -4169.45
28 30 3122.92
28 31 4152.77
29 6 4152.77
29 7 3122.92
29 8 4169.45
29 9 -3139.59
29 28 -4169.45
29 29 5232.66
29 30 -4152.77
29 31 -5215.98
30 6 -3139.59
30 7 -4169.45
30 8 -5215.98
30 9 4152.77
30 28 3122.92
30 29 -4152.77
30 30 5232.66
30 31 4169.45
31 6 -4169.45
31 7 -3139.59
31 8 -4152.77
31 9 3122.92
31 28 4152.77
31 29 -5215.98
31 30 4169.45
31 31 5232.66
8 8 5232.66
8 9 4169.45
8 10 3122.92
8 11 -4152.77
8 30 -5215.98
8 31 4152.77
8 32 -3139.59
8 33 -4169.45
9 8 4169.45
9 9 5232.66
9 10 4152.77
9 11 -5215.98
9 30 -4152.77
9 31 3122.92
9 32 -4169.45
9 33 -3139.59
10 8 3122.92
10 9 4152.77
10 10 5232.66
10 11 -4169.45
10 30 -3139.59
10 31 4169.45
10 32 -5215.98
10 33 -4152.77
11 8 -4152.77
11 9 -5215.98
11 10 -4169.45
11 11 5232.66
11 30 4169.45
11 31 -3139.59
11 32 4152.77
11 33 3122.92
30 8 -5215.98
30 9 -4152.77
30 10 -3139.59
30 11 4169.45
30 30 5232.66
30 31 -4169.45
30 32 3122.92
30 33 4152.77
31 8 4152.77
31 9 3122.92
31 10 4169.45
31 11 -3139.59
31 30 -4169.45
31 31 5232.66
31 32 -4152.77
31 33 -5215.98
32 8 -3139.59
32 9 -4169.45
32 10 -5215.98
32 11 4152.77
32 30 3122.92
32 31 -4152.77
32 32 5232.66
32 33 4169.45
33 8 -4169.45
33 9 -3139.59
33 10 -4152.77
33 11 3122.92
33 30 4152.77
33 31 -5215.98
33 32 4169.45
33 33 5232.66
10 10 5232.66
10 11 4169.45
10 12 3122.92
10 13 -4152.77
10 32 -5215.98
10 33 4152.77
10 34 -3139.59
10 35 -4169.45
11 10 4169.45
11 11 5232.66
11 12 4152.77
11 13 -5215.98
11 32 -4152.77
11 33 3122.92
11 34 -4169.45
11 35 -3139.59
12 10 3122.92
12 11 4152.77
12 12 5232.66
12 13 -4169.45
12 32 -3139.59
12 33 4169.45
12 34 -5215.98
12 35 -4152.77
13 10 -4152.77
13 11 -5215.98
13 12 -4169.45
13 13 5232.66
13 32 4169.45
13 33 -3139.59
13 34 4152.77
13 35 3122.92
32 10 -5215.98
32 11 -4152.77
32 12 -3139.59
32 13 4169.45
32 32 5232.66
32 33 -4169.45
32 34 3122.92
32 35 4152.77
33 10 4152.77
33 11 3122.92
33 12 4169.45
33 13 -3139.59
33 32 -4169.45
33 33 5232.66
33 34 -4152.77
33 35 -5215.98
34 10 -3139.59
34 11 -4169.45
34 12 -5215.98
34 13 4152.77
34 32 3122.92
34 33 -4152.77
34 34 5232.66
34 35 4169.45
35 10 -4169.45
35 11 -3139.59
35 12 -4152.77
35 13 3122.92
35 32 4152.77
35 33 -5215.98
35 34 4169.45
35 35 5232.66
12 12 5232.66
12 13 4169.45
12 14 3122.92
12 15 -4152.77
12 34 -5215.98
12 35 4152.77
12 36 -3139.59
12 37 -4169.45
13 12 4169.45
13 13 5232.66
13 14 4152.77
13 15 -5215.98
13 34 -4152.77
13 35 3122.92
13 36 -4169.45
13 37 -3139.59
14 12 3122.92
14 13 4152.77
14 14 5232.66
14 15 -4169.45
14 34 -3139.59
14 35 4169.45
14 36 -5215.98
14 37 -4152.77
15 12 -4152.77
15 13 -5215.98
15 14 -4169.45
15 15 5232.66
15 34 4169.45
15 35 -3139.59
15 36 4152.77
15 37 3122.92
34 12 -5215.98
34 13 -4152.77
34 14 -3139.59
34 15 4169.45
34 34 5232.66
34 35 -4169.45
34 36 3122.92
34 37 4152.77
35 12 4152.77
35 13 3122.92
35 14 4169.45
35 15 -3139.59
35 34 -4169.45
35 35 5232.66
35 36 -4152.77
35 37 -5215.98
36 12 -3139.59
36 13 -4169.45
36 14 -5215.98
36 15 4152.77
36 34 3122.92
36 35 -4152.77
36 36 5232.66
36 37 4169.45
37 12 -4169.45
37 13 -3139.59
37 14 -4152.77
37 15 3122.92
37 34 4152.77
37 35 -5215.98
37 36 4169.45
37 37 5232.66
14 14 5232.66
14 15 4169.45
14 16 3122.92
14 17 -4152.77
14 36 -5215.98
14 37 4152.77
14 38 -3139.59
14 39 -4169.45
15 14 4169.45
15 15 5232.66
15 16 4152.77
15 17 -5215.98
15 36 -4152.77
15 37 3122.92
15 38 -4169.45
15 39 -3139.59
16 14 3122.92
16 15 4152.77
16 16 5232.66
16 17 -4169.45
16 36 -3139.59
16 37 4169.45
16 38 -5215.98
16 39 -4152.77
17 14 -4152.77
17 15 -5215.98
17 16 -4169.45
17 17 5232.66
17 36 4169.45
17 37 -3139.59
17 38 4152.77
17 39 3122.92
36 14 -5215.98
36 15 -4152.77
36 16 -3139.59
36 17 4169.45
36 36 5232.66
36 37 -4169.45
36 38 3122.92
36 39 4152.77
37 14 4152.77
37 15 3122.92
37 16 4169.45
37 17 -3139.59
37 36 -4169.45
37 37 5232.66
37 38 -4152.77
37 39 -5215.98
38 14 -3139.59
38 15 -4169.45
38 16 -5215.98
38 17 4152.77
38 36 3122.92
38 37 -4152.77
38 38 5232.66
38 39 4169.45
39 14 -4169.45
39 15 -3139.59
39 16 -4152.77
39 17 3122.92
39 36 4152.77
39 37 -5215.98
39 38 4169.45
39 39 5232.66
16 16 3542.1
16 17 2801.54
16 18 1277.3
16 19 -2793.44
16 38 -3534.01
16 39 1998.63
16 40 -1285.39
16 41 -2006.72
17 16 2801.54
17 17 2779.01
17 18 1237.06
17 19 -2769.39
17 38 -2791.92
17 39 1275.77
17 40 -1246.68
17 41 -1285.39
18 16 1277.3
18 17 1237.06
18 18 745.075
18 19 -1245.15
18 38 -1285.39
18 39 777.241
18 40 -736.982
18 41 -769.148
19 16 -2793.44
19 17 -2769.39
19 18 -1245.15
19 19 2773.43
19 38 2797.48
19 39 -1285.39
19 40 1241.12
19 41 1281.36
38 16 -3534.01
38 17 -2791.92
38 18 -1285.39
38 19 2797.48
38 38 3539.57
38 39 -2008.25
38 40 1279.83
38 41 2002.68
39 16 1998.63
39 17 1275.77
39 18 777.241
39 19 -1285.39
39 38 -2008.25
39 39 1511.22
39 40 -767.622
39 41 -1501.6
40 16 -1285.39
40 17 -1246.68
40 18 -736.982
40 19 1241.12
40 38 1279.83
40 39 -767.622
40 40 742.545
40 41 773.185
41 16 -2006.72
41 17 -1285.39
41 18 -769.148
41 19 1281.36
41 38 2002.68
41 39 -1501.6
41 40 773.185
41 41 1505.64
24 24 12.4357
24 25 36.5756
24 26 36.4293
24 27 -36.283
24 46 -12.1431
24 47 12.0943
24 48 -36.7219
24 49 -12.3869
25 24 36.5756
25 25 109.971
25 26 109.434
25 27 -109.873
25 46 -36.4781
25 47 36.6244
25 48 -109.532
25 49 -36.7219
26 24 36.4293
26 25 109.434
26 26 110.166
26 27 -109.727
26 46 -36.7219
26 47 36.5756
26 48 -109.873
26 49 -36.283
27 24 -36.283
27 25 -109.873
27 26 -109.727
27 27 110.166
27 46 36.5756
27 47 -36.7219
27 48 109.434
27 49 36.4293
46 24 -12.1431
46 25 -36.4781
46 26 -36.7219
46 27 36.5756
46 46 12.2406
46 47 -12.1919
46 48 36.6244
46 49 12.0943
47 24 12.0943
47 25 36.6244
47 26 36.5756
47 27 -36.7219
47 46 -12.1919
47 47 12.2406
47 48 -36.4781
47 49 -12.1431
48 24 -36.7219
48 25 -109.532
48 26 -109.873
48 27 109.434
48 46 36.6244
48 47 -36.4781
48 48 109.971
48 49 36.5756
49 24 -12.3869
49 25 -36.7219
49 26 -36.283
49 27 36.4293
49 46 12.0943
49 47 -12.1431
49 48 36.5756
49 49 12.4357
26 26 3685.54
26 27 3497.91
26 28 2608.23
26 29 -3483.02
26 48 -3670.65
26 49 2770.73
26 50 -2623.11
26 51 -2785.62
27 26 3497.91
27 27 4847.85
27 28 3930.71
27 29 -4835.28
27 48 -3485.35
27 49 2610.55
27 50 -3943.28
27 51 -2623.11
28 26 2608.23
28 27 3930.71
28 28 5060.08
28 29 -3945.6
28 48 -2623.11
28 49 3706.98
28 50 -5045.19
28 51 -3692.09
29 26 -3483.02
29 27 -4835.28
29 28 -3945.6
29 29 4850.59
29 48 3498.33
29 49 -2623.11
29 50 3930.29
29 51 2607.81
48 26 -3670.65
48 27 -3485.35
48 28 -2623.11
48 29 3498.33
48 48 3683.64
48 49 -2783.29
48 50 2610.13
48 51 2770.31
49 26 2770.73
49 27 2610.55
49 28 3706.98
49 29 -2623.11
49 48 -2783.29
49 49 3893.12
49 50 -3694.41
49 51 -3880.56
50 26 -2623.11
50 27 -3943.28
50 28 -5045.19
50 29 3930.29
50 48 2610.13
50 49 -3694.41
50 50 5058.17
50 51 3707.4
51 26 -2785.62
51 27 -2623.11
51 28 -3692.09
51 29 2607.81
51 48 2770.31
51 49 -3880.56
51 50 3707.4
51 51 3895.86
28 28 5232.66
28 29 4169.45
28 30 3122.92
28 31 -4152.77
28 50 -5215.98
28 51 4152.77
28 52 -3139.59
28 53 -4169.45
29 28 4169.45
29 29 5232.66
29 30 4152.77
29 31 -5215.98
29 50 -4152.77
29 51 3122.92
29 52 -4169.45
29 53 -3139.59
30 28 3122.92
30 29 4152.77
30 30 5232.66
30 31 -4169.45
30 50 -3139.59
30 51 4169.45
30 52 -5215.98
30 53 -4152.77
31 28 -4152.77
31 29 -5215.98
31 30 -4169.45
31 31 5232.66
31 50 4169.45
31 51 -3139.59
31 52 4152.77
31 53 3122.92
50 28 -5215.98
50 29 -4152.77
50 30 -3139.59
50 31 4169.45
50 50 5232.66
50 51 -4169.45
50 52 3122.92
50 53 4152.77
51 28 4152.77
51 29 3122.92
51 30 4169.45
51 31 -3139.59
51 50 -4169.45
51 51 5232.66
51 52 -4152.77
51 53 -5215.98
52 28 -3139.59
52 29 -4169.45
52 30 -5215.98
52 31 4152.77
52 50 3122.92
52 51 -4152.77
52 52 5232.66
52 53 4169.45
53 28 -4169.45
53 29 -3139.59
53 30 -4152.77
53 31 3122.92
53 50 4152.77
53 51 -5215.98
53 52 4169.45
53 53 5232.66
30 30 5232.66
30 31 4169.45
30 32 3122.92
30 33 -4152.77
30 52 -5215.98
30 53 4152.77
30 54 -3139.59
30 55 -4169.45
31 30 4169.45
31 31 5232.66
31 32 4152.77
31 33 -5215.98
31 52 -4152.77
31 53 3122.92
31 54 -4169.45
31 55 -3139.59
32 30 3122.92
32 31 4152.77
32 32 5232.66
32 33 -4169.45
32 52 -3139.59
32 53 4169.45
32 54 -5215.98
32 55 -4152.77
33 30 -4152.77
33 31 -5215.98
33 32 -4169.45
33 33 5232.66
33 52 4169.45
33 53 -3139.59
33 54 4152.77
33 55 3122.92
52 30 -5215.98
52 31 -4152.77
52 32 -3139.59
52 33 4169.45
52 52 5232.66
52 53 -4169.45
52 54 3122.92
52 55 4152.77
53 30 4152.77
53 31 3122.92
53 32 4169.45
53 33 -3139.59
53 52 -4169.45
53 53 5232.66
53 54 -4152.77
53 55 -5215.98
54 30 -3139.59
54 31 -4169.45
54 32 -5215.98
54 33 4152.77
54 52 3122.92
54 53 -4152.77
54 54 5232.66
54 55 4169.45
55 30 -4169.45
55 31 -3139.59
55 32 -4152.77
55 33 3122.92
55 52 4152.77
55 53 -5215.98
55 54 4169.45
55 55 5232.66
32 32 5232.66
32 33 4169.45
32 34 3122.92
32 35 -4152.77
32 54 -5215.98
32 55 4152.77
32 56 -3139.59
32 57 -4169.45
33 32 4169.45
33 33 5232.66
33 34 4152.77
33 35 -5215.98
33 54 -4152.77
33 55 3122.92
33 56 -4169.45
33 57 -3139.59
34 32 3122.92
34 33 4152.77
34 34 5232.66
34 35 -4169.45
34 54 -3139.59
34 55 4169.45
34 56 -5215.98
34 57 -4152.77
35 32 -4152.77
35 33 -5215.98
35 34 -4169.45
35 35 5232.66
35 54 4169.45
35 55 -3139.59
35 56 4152.77
35 57 3122.92
54 32 -5215.98
54 33 -4152.77
54 34 -3139.59
54 35 4169.45
54 54 5232.66
54 55 -4169.45
54 56 3122.92
54 57 4152.77
55 32 4152.77
55 33 3122.92
55 34 4169.45
55 35 -3139.59
55 54 -4169.45
55 55 5232.66
55 56 -4152.77
55 57 -5215.98
56 32 -3139.59
56 33 -4169.45
56 34 -5215.98
56 35 4152.77
56 54 3122.92
56 55 -4152.77
56 56 5232.66
56 57 4169.45
57 32 -4169.45
57 33 -3139.59
57 34 -4152.77
57 35 3122.92
57 54 4152.77
57 55 -5215.98
57 56 4169.45
57 57 5232.66
34 34 5232.66
34 35 4169.45
34 36 3122.92
34 37 -4152.77
34 56 -5215.98
34 57 4152.77
34 58 -3139.59
34 59 -4169.45
35 34 4169.45
35 35 5232.66
35 36 4152.77
35 37 -5215.98
35 56 -4152.77
35 57 3122.92
35 58 -4169.45
35 59 -3139.59
36 34 3122.92
36 35 4152.77
36 36 5232.66
36 37 -4169.45
36 56 -3139.59
36 57 4169.45
36 58 -5215.98
36 59 -4152.77
37 34 -4152.77
37 35 -5215.98
37 36 -4169.45
37 37 5232.66
37 56 4169.45
37 57 -3139.59
37 58 4152.77
37 59 3122.92
56 34 -5215.98
56 35 -4152.77
56 36 -3139.59
56 37 4169.45
56 56 5232.66
56 57 -4169.45
56 58 3122.92
56 59 4152.77
57 34 4152.77
57 35 3122.92
57 36 4169.45
57 37 -3139.59
57 56 -4169.45
57 57 5232.66
57 58 -4152.77
57 59 -5215.98
58 34 -3139.59
58 35 -4169.45
58 36 -5215.98
58 37 4152.77
58 56 3122.92
58 57 -4152.77
58 58 5232.66
58 59 4169.45
59 34 -4169.45
59 35 -3139.59
59 36 -4152.77
59 37 3122.92
59 56 4152.77
59 57 -5215.98
59 58 4169.45
59 59 5232.66
36 36 5060.08
36 37 3945.6
36 38 2608.23
36 39 -3930.71
36 58 -5045.19
36 59 3692.09
36 60 -2623.11
36 61 -3706.98
37 36 3945.6
37 37 4850.59
37 38 3483.02
37 39 -4835.28
37 58 -3930.29
37 59 2607.81
37 60 -3498.33
37 61 -2623.11
38 36 2608.23
38 37 3483.02
38 38 3685.54
38 39 -3497.91
38 58 -2623.11
38 59 2785.62
38 60 -3670.65
38 61 -2770.73
39 36 -3930.71
39 37 -4835.28
39 38 -3497.91
39 39 4847.85
39 58 3943.28
39 59 -2623.11
39 60 3485.35
39 61 2610.55
58 36 -5045.19
58 37 -3930.29
58 38 -2623.11
58 39 3943.28
58 58 5058.17
58 59 -3707.4
58 60 2610.13
58 61 3694.41
59 36 3692.09
59 37 2607.81
59 38 2785.62
59 39 -2623.11
59 58 -3707.4
59 59 3895.86
59 60 -2770.31
59 61 -3880.56
60 36 -2623.11
60 37 -3498.33
60 38 -3670.65
60 39 3485.35
60 58 2610.13
60 59 -2770.31
60 60 3683.64
60 61 2783.29
61 36 -3706.98
61 37 -2623.11
61 38 -2770.73
61 39 2610.55
61 58 3694.41
61 59 -3880.56
61 60 2783.29
61 61 3893.12
38 38 110.166
38 39 109.727
38 40 36.4293
38 41 -109.434
38 60 -109.873
38 61 36.283
38 62 -36.7219
38 63 -36.5756
39 38 109.727
39 39 110.166
39 40 36.283
39 41 -109.873
39 60 -109.434
39 61 36.4293
39 62 -36.5756
39 63 -36.7219
40 38 36.4293
40 39 36.283
40 40 12.4357
40 41 -36.5756
40 60 -36.7219
40 61 12.3869
40 62 -12.1431
40 63 -12.0943
41 38 -109.434
41 39 -109.873
41 40 -36.5756
41 41 109.971
41 60 109.532
41 61 -36.7219
41 62 36.4781
41 63 36.6244
60 38 -109.873
60 39 -109.434
60 40 -36.7219
60 41 109.532
60 60 109.971
60 61 -36.5756
60 62 36.6244
60 63 36.4781
61 38 36.283
61 39 36.4293
61 40 12.3869
61 41 -36.7219
61 60 -36.5756
61 61 12.4357
61 62 -12.0943
61 63 -12.1431
62 38 -36.7219
62 39 -36.5756
62 40 -12.1431
62 41 36.4781
62 60 36.6244
62 61 -12.0943
62 62 12.2406
62 63 12.1919
63 38 -36.5756
63 39 -36.7219
63 40 -12.0943
63 41 36.6244
63 60 36.4781
63 61 -12.1431
63 62 12.1919
63 63 12.2406
48 48 535.065
48 49 1027.29
48 50 1279.3
48 51 -1019.68
48 70 -527.457
48 71 779.831
48 72 -1286.91
48 73 -787.439
49 48 1027.29
49 49 2528.37
49 50 2769.15
49 51 -2524.75
49 70 -1023.67
49 71 1283.28
49 72 -2772.77
49 73 -1286.91
50 48 1279.3
50 49 2769.15
50 50 3756.17
50 51 -2776.76
50 70 -1286.91
50 71 2246.21
50 72 -3748.56
50 73 -2238.6
51 48 -1019.68
51 49 -2524.75
51 50 -2776.76
51 51 2534.8
51 70 1029.73
51 71 -1286.91
51 72 2766.71
51 73 1276.86
70 48 -527.457
70 49 -1023.67
70 50 -1286.91
70 51 1029.73
70 70 533.521
70 71 -783.453
70 72 1280.84
70 73 777.389
71 48 779.831
71 49 1283.28
71 50 2246.21
71 51 -1286.91
71 70 -783.453
71 71 1754.89
71 72 -2242.59
71 73 -1751.27
72 48 -1286.91
72 49 -2772.77
72 50 -3748.56
72 51 2766.71
72 70 1280.84
72 71 -2242.59
72 72 3754.62
72 73 2248.66
73 48 -787.439
73 49 -1286.91
73 50 -2238.6
73 51 1276.86
73 70 777.389
73 71 -1751.27
73 72 2248.66
73 73 1761.32
50 50 5232.66
50 51 4169.45
50 52 3122.92
50 53 -4152.77
50 72 -5215.98
50 73 4152.77
50 74 -3139.59
50 75 -4169.45
51 50 4169.45
51 51 5232.66
51 52 4152.77
51 53 -5215.98
51 72 -4152.77
51 73 3122.92
51 74 -4169.45
51 75 -3139.59
52 50 3122.92
52 51 4152.77
52 52 5232.66
52 53 -4169.45
52 72 -3139.59
52 73 4169.45
52 74 -5215.98
52 75 -4152.77
53 50 -4152.77
53 51 -5215.98
53 52 -4169.45
53 53 5232.66
53 72 4169.45
53 73 -3139.59
53 74 4152.77
53 75 3122.92
72 50 -5215.98
72 51 -4152.77
72 52 -3139.59
72 53 4169.45
72 72 5232.66
72 73 -4169.45
72 74 3122.92
72 75 4152.77
73 50 4152.77
73 51 3122.92
73 52 4169.45
73 53 -3139.59
73 72 -4169.45
73 73 5232.66
73 74 -4152.77
73 75 -5215.98
74 50 -3139.59
74 51 -4169.45
74 52 -5215.98
74 53 4152.77
74 72 3122.92
74 73 -4152.77
74 74 5232.66
74 75 4169.45
75 50 -4169.45
75 51 -3139.59
75 52 -4152.77
75 53 3122.92
75 72 4152.77
75 73 -5215.98
75 74 4169.45
75 75 5232.66
52 52 5232.66
52 53 4169.45
52 54 3122.92
52 55 -4152.77
52 74 -5215.98
52 75 4152.77
52 76 -3139.59
52 77 -4169.45
53 52 4169.45
53 53 5232.66
53 54 4152.77
53 55 -5215.98
53 74 -4152.77
53 75 3122.92
53 76 -4169.45
53 77 -3139.59
54 52 3122.92
54 53 4152.77
54 54 5232.66
54 55 -4169.45
54 74 -3139.59
54 75 4169.45
54 76 -5215.98
54 77 -4152.77
55 52 -4152.77
55 53 -5215.98
55 54 -4169.45
55 55 5232.66
55 74 4169.45
55 75 -3139.59
55 76 4152.77
55 77 3122.92
74 52 -5215.98
74 53 -4152.77
74 54 -3139.59
74 55 4169.45
74 74 5232.66
74 75 -4169.45
74 76 3122.92
74 77 4152.77
75 52 4152.77
75 53 3122.92
75 54 4169.45
75 55 -3139.59
75 74 -4169.45
75 75 5232.66
75 76 -4152.77
75 77 -5215.98
76 52 -3139.59
76 53 -4169.45
76 54 -5215.98
76 55 4152.77
76 74 3122.92
76 75 -4152.77
76 76 5232.66
76 77 4169.45
77 52 -4169.45
77 53 -3139.59
77 54 -4152.77
77 55 3122.92
77 74 4152.77
77 75 -5215.98
77 76 4169.45
77 77 5232.66
54 54 5232.66
54 55 4169.45
54 56 3122.92
54 57 -4152.77
54 76 -5215.98
54 77 4152.77
54 78 -3139.59
54 79 -4169.45
55 54 4169.45
55 55 5232.66
55 56 4152.77
55 57 -5215.98
55 76 -4152.77
55 77 3122.92
55 78 -4169.45
55 79 -3139.59
56 54 3122.92
56 55 4152.77
56 56 5232.66
56 57 -4169.45
56 76 -3139.59
56 77 4169.45
56 78 -5215.98
56 79 -4152.77
57 54 -4152.77
57 55 -5215.98
57 56 -4169.45
57 57 5232.66
57 76 4169.45
57 77 -3139.59
57 78 4152.77
57 79 3122.92
76 54 -5215.98
76 55 -4152.77
76 56 -3139.59
76 57 4169.45
76 76 5232.66
76 77 -4169.45
76 78 3122.92
76 79 4152.77
77 54 4152.77
77 55 3122.92
77 56 4169.45
77 57 -3139.59
77 76 -4169.45
77 77 5232.66
77 78 -4152.77
77 79 -5215.98
78 54 -3139.59
78 55 -4169.45
78 56 -5215.98
78 57 4152.77
78 76 3122.92
78 77 -4152.77
78 78 5232.66
78 79 4169.45
79 54 -4169.45
79 55 -3139.59
79 56 -4152.77
79 57 3122.92
79 76 4152.77
79 77 -5215.98
79 78 4169.45
79 79 5232.66
56 56 5232.66
56 57 4169.45
56 58 3122.92
56 59 -4152.77
56 78 -5215.98
56 79 4152.77
56 80 -3139.59
56 81 -4169.45
57 56 4169.45
57 57 5232.66
57 58 4152.77
57 59 -5215.98
57 78 -4152.77
57 79 3122.92
57 80 -4169.45
57 81 -3139.59
58 56 3122.92
58 57 4152.77
58 58 5232.66
58 59 -4169.45
58 78 -3139.59
58 79 4169.45
58 80 -5215.98
58 81 -4152.77
59 56 -4152.77
59 57 -5215.98
59 58 -4169.45
59 59 5232.66
59 78 4169.45
59 79 -3139.59
59 80 4152.77
59 81 3122.92
78 56 -5215.98
78 57 -4152.77
78 58 -3139.59
78 59 4169.45
78 78 5232.66
78 79 -4169.45
78 80 3122.92
78 81 4152.77
79 56 4152.77
79 57 3122.92
79 58 4169.45
79 59 -3139.59
79 78 -4169.45
79 79 5232.66
79 80 -4152.77
79 81 -5215.98
80 56 -3139.59
80 57 -4169.45
80 58 -5215.98
80 59 4152.77
80 78 3122.92
80 79 -4152.77
80 80 5232.66
80 81 4169.45
81 56 -4169.45
81 57 -3139.59
81 58 -4152.77
81 59 3122.92
81 78 4152.77
81 79 -5215.98
81 80 4169.45
81 81 5232.66
58 58 3756.17
58 59 2776.76
58 60 1279.3
58 61 -2769.15
58 80 -3748.56
58 81 2238.6
58 82 -1286.91
58 83 -2246.21
59 58 2776.76
59 59 2534.8
59 60 1019.68
59 61 -2524.75
59 80 -2766.71
59 81 1276.86
59 82 -1029.73
59 83 -1286.91
60 58 1279.3
60 59 1019.68
60 60 535.065
60 61 -1027.29
60 80 -1286.91
60 81 787.439
60 82 -527.457
60 83 -779.831
61 58 -2769.15
61 59 -2524.75
61 60 -1027.29
61 61 2528.37
61 80 2772.77
61 81 -1286.91
61 82 1023.67
61 83 1283.28
80 58 -3748.56
80 59 -2766.71
80 60 -1286.91
80 61 2772.77
80 80 3754.62
80 81 -2248.66
80 82 1280.84
80 83 2242.59
81 58 2238.6
81 59 1276.86
81 60 787.439
81 61 -1286.91
81 80 -2248.66
81 81 1761.32
81 82 -777.389
81 83 -1751.27
82 58 -1286.91
82 59 -1029.73
82 60 -527.457
82 61 1023.67
82 80 1280.84
82 81 -777.389
82 82 533.521
82 83 783.453
83 58 -2246.21
83 59 -1286.91
83 60 -779.831
83 61 1283.28
83 80 2242.59
83 81 -1751.27
83 82 783.453
83 83 1754.89
70 70 117.184
70 71 294.648
70 72 344.891
70 73 -292.291
70 92 -114.827
70 93 165.582
70 94 -347.248
70 95 -167.939
71 70 294.648
71 71 834.625
71 72 881.588
71 73 -833.703
71 92 -293.726
71 93 346.326
71 94 -882.51
71 95 -347.248
72 70 344.891
72 71 881.588
72 72 1041.33
72 73 -883.945
72 92 -347.248
72 93 499.103
72 94 -1038.98
72 95 -496.746
73 70 -292.291
73 71 -833.703
73 72 -883.945
73 73 836.47
73 92 295.058
73 93 -347.248
73 94 881.178
73 95 344.481
92 70 -114.827
92 71 -293.726
92 72 -347.248
92 73 295.058
92 92 116.159
92 93 -166.504
92 94 345.916
92 95 165.172
93 70 165.582
93 71 346.326
93 72 499.103
93 73 -347.248
93 92 -166.504
93 93 321.024
93 94 -498.181
93 95 -320.102
94 70 -347.248
94 71 -882.51
94 72 -1038.98
94 73 881.178
94 92 345.916
94 93 -498.181
94 94 1040.31
94 95 499.513
95 70 -167.939
95 71 -347.248
95 72 -496.746
95 73 344.481
95 92 165.172
95 93 -320.102
95 94 499.513
95 95 322.868
72 72 5232.63
72 73 4169.44
72 74 3122.91
72 75 -4152.76
72 94 -5215.96
72 95 4152.75
72 96 -3139.59
72 97 -4169.42
73 72 4169.44
73 73 5232.65
73 74 4152.77
73 75 -5215.97
73 94 -4152.76
73 95 3122.91
73 96 -4169.44
73 97 -3139.59
74 72 3122.91
74 73 4152.77
74 74 5232.65
74 75 -4169.44
74 94 -3139.59
74 95 4169.44
74 96 -5215.97
74 97 -4152.76
75 72 -4152.76
75 73 -5215.97
75 74 -4169.44
75 75 5232.65
75 94 4169.44
75 95 -3139.59
75 96 4152.77
75 97 3122.91
94 72 -5215.96
94 73 -4152.76
94 74 -3139.59
94 75 4169.44
94 94 5232.63
94 95 -4169.42
94 96 3122.91
94 97 4152.75
95 72 4152.75
95 73 3122.91
95 74 4169.44
95 75 -3139.59
95 94 -4169.42
95 95 5232.63
95 96 -4152.76
95 97 -5215.96
96 72 -3139.59
96 73 -4169.44
96 74 -5215.97
96 75 4152.77
96 94 3122.91
96 95 -4152.76
96 96 5232.65
96 97 4169.44
97 72 -4169.42
97 73 -3139.59
97 74 -4152.76
97 75 3122.91
97 94 4152.75
97 95 -5215.96
97 96 4169.44
97 97 5232.63
74 74 5232.66
74 75 4169.45
74 76 3122.92
74 77 -4152.77
74 96 -5215.98
74 97 4152.77
74 98 -3139.59
74 99 -4169.45
75 74 4169.45
75 75 5232.66
75 76 4152.77
75 77 -5215.98
75 96 -4152.77
75 97 3122.92
75 98 -4169.45
75 99 -3139.59
76 74 3122.92
76 75 4152.77
76 76 5232.66
76 77 -4169.45
76 96 -3139.59
76 97 4169.45
76 98 -5215.98
76 99 -4152.77
77 74 -4152.77
77 75 -5215.98
77 76 -4169.45
77 77 5232.66
77 96 4169.45
77 97 -3139.59
77 98 4152.77
77 99 3122.92
96 74 -5215.98
96 75 -4152.77
96 76 -3139.59
96 77 4169.45
96 96 5232.66
96 97 -4169.45
96 98 3122.92
96 99 4152.77
97 74 4152.77
97 75 3122.92
97 76 4169.45
97 77 -3139.59
97 96 -4169.45
97 97 5232.66
97 98 -4152.77
97 99 -5215.98
98 74 -3139.59
98 75 -4169.45
98 76 -5215.98
98 77 4152.77
98 96 3122.92
98 97 -4152.77
98 98 5232.66
98 99 4169.45
99 74 -4169.45
99 75 -3139.59
99 76 -4152.77
99 77 3122.92
99 96 4152.77
99 97 -5215.98
99 98 4169.45
99 99 5232.66
76 76 5232.66
76 77 4169.45
76 78 3122.92
76 79 -4152.77
76 98 -5215.98
76 99 4152.77
76 100 -3139.59
76 101 -4169.45
77 76 4169.45
77 77 5232.66
77 78 4152.77
77 79 -5215.98
77 98 -4152.77
77 99 3122.92
77 100 -4169.45
77 101 -3139.59
78 76 3122.92
78 77 4152.77
78 78 5232.66
78 79 -4169.45
78 98 -3139.59
78 99 4169.45
78 100 -5215.98
78 101 -4152.77
79 76 -4152.77
79 77 -5215.98
79 78 -4169.45
79 79 5232.66
79 98 4169.45
79 99 -3139.59
79 100 4152.77
79 101 3122.92
98 76 -5215.98
98 77 -4152.77
98 78 -3139.59
98 79 4169.45
98 98 5232.66
98 99 -4169.45
98 100 3122.92
98 101 4152.77
99 76 4152.77
99 77 3122.92
99 78 4169.45
99 79 -3139.59
99 98 -4169.45
99 99 5232.66
99 100 -4152.77
99 101 -5215.98
100 76 -3139.59
100 77 -4169.45
100 78 -5215.98
100 79 4152.77
100 98 3122.92
100 99 -4152.77
100 100 5232.66
100 101 4169.45
101 76 -4169.45
101 77 -3139.59
101 78 -4152.77
101 79 3122.92
101 98 4152.77
101 99 -5215.98
101 100 4169.45
101 101 5232.66
78 78 5232.65
78 79 4169.44
78 80 3122.91
78 81 -4152.77
78 100 -5215.97
78 101 4152.76
78 102 -3139.59
78 103 -4169.44
79 78 4169.44
79 79 5232.65
79 80 4152.76
79 81 -5215.97
79 100 -4152.77
79 101 3122.91
79 102 -4169.44
79 103 -3139.59
80 78 3122.91
80 79 4152.76
80 80 5232.63
80 81 -4169.44
80 100 -3139.59
80 101 4169.42
80 102 -5215.96
80 103 -4152.75
81 78 -4152.77
81 79 -5215.97
81 80 -4169.44
81 81 5232.65
81 100 4169.44
81 101 -3139.59
81 102 4152.76
81 103 3122.91
100 78 -5215.97
100 79 -4152.77
100 80 -3139.59
100 81 4169.44
100 100 5232.65
100 101 -4169.44
100 102 3122.91
100 103 4152.76
101 78 4152.76
101 79 3122.91
101 80 4169.42
101 81 -3139.59
101 100 -4169.44
101 101 5232.63
101 102 -4152.75
101 103 -5215.96
102 78 -3139.59
102 79 -4169.44
102 80 -5215.96
102 81 4152.76
102 100 3122.91
102 101 -4152.75
102 102 5232.63
102 103 4169.42
103 78 -4169.44
103 79 -3139.59
103 80 -4152.75
103 81 3122.91
103 100 4152.76
103 101 -5215.96
103 102 4169.42
103 103 5232.63
80 80 1041.33
80 81 883.945
80 82 344.891
80 83 -881.588
80 102 -1038.98
80 103 496.746
80 104 -347.248
80 105 -499.103
81 80 883.945
81 81 836.47
81 82 292.291
81 83 -833.703
81 102 -881.178
81 103 344.481
81 104 -295.058
81 105 -347.248
82 80 344.891
82 81 292.291
82 82 117.184
82 83 -294.648
82 102 -347.248
82 103 167.939
82 104 -114.827
82 105 -165.582
83 80 -881.588
83 81 -833.703
83 82 -294.648
83 83 834.625
83 102 882.51
83 103 -347.248
83 104 293.726
83 105 346.326
102 80 -1038.98
102 81 -881.178
102 82 -347.248
102 83 882.51
102 102 1040.31
102 103 -499.513
102 104 345.916
102 105 498.181
103 80 496.746
103 81 344.481
103 82 167.939
103 83 -347.248
103 102 -499.513
103 103 322.868
103 104 -165.172
103 105 -320.102
104 80 -347.248
104 81 -295.058
104 82 -114.827
104 83 293.726
104 102 345.916
104 103 -165.172
104 104 116.159
104 105 166.504
105 80 -499.103
105 81 -347.248
105 82 -165.582
105 83 346.326
105 102 498.181
105 103 -320.102
105 104 166.504
105 105 321.024
94 94 4538.55
94 95 3809.51
94 96 2892.21
94 97 -3793.79
94 116 -4522.83
94 117 3591.58
94 118 -2907.93
94 119 -3607.3
95 94 3809.51
95 95 4981.6
95 96 4033.75
95 97 -4966.76
95 116 -3794.68
95 117 2893.1
95 118 -4048.58
95 119 -2907.93
96 94 2892.21
96 95 4033.75
96 96 5155.09
96 97 -4049.47
96 116 -2907.93
96 117 3981.42
96 118 -5139.37
96 119 -3965.71
97 94 -3793.79
97 95 -4966.76
97 96 -4049.47
97 97 4982.83
97 116 3809.85
97 117 -2907.93
97 118 4033.4
97 119 2891.87
116 94 -4522.83
116 95 -3794.68
116 96 -2907.93
116 97 3809.85
116 116 4538
116 117 -3606.42
116 118 2892.75
116 119 3591.24
117 94 3591.58
117 95 2893.1
117 96 3981.42
117 97 -2907.93
117 116 -3606.42
117 117 4710.27
117 118 -3966.59
117 119 -4695.43
118 94 -2907.93
118 95 -4048.58
118 96 -5139.37
118 97 4033.4
118 116 2892.75
118 117 -3966.59
118 118 5154.55
118 119 3981.77
119 94 -3607.3
119 95 -2907.93
119 96 -3965.71
119 97 2891.87
119 116 3591.24
119 117 -4695.43
119 118 3981.77
119 119 4711.5
96 96 5232.66
96 97 4169.45
96 98 3122.92
96 99 -4152.77
96 118 -5215.98
96 119 4152.77
96 120 -3139.59
96 121 -4169.45
97 96 4169.45
97 97 5232.66
97 98 4152.77
97 99 -5215.98
97 118 -4152.77
97 119 3122.92
97 120 -4169.45
97 121 -3139.59
98 96 3122.92
98 97 4152.77
98 98 5232.66
98 99 -4169.45
98 118 -3139.59
98 119 4169.45
98 120 -5215.98
98 121 -4152.77
99 96 -4152.77
99 97 -5215.98
99 98 -4169.45
99 99 5232.66
99 118 4169.45
99 119 -3139.59
99 120 4152.77
99 121 3122.92
118 96 -5215.98
118 97 -4152.77
118 98 -3139.59
118 99 4169.45
118 118 5232.66
118 119 -4169.45
118 120 3122.92
118 121 4152.77
119 96 4152.77
119 97 3122.92
119 98 4169.45
119 99 -3139.59
119 118 -4169.45
119 119 5232.66
119 120 -4152.77
119 121 -5215.98
120 96 -3139.59
120 97 -4169.45
120 98 -5215.98
120 99 4152.77
120 118 3122.92
120 119 -4152.77
120 120 5232.66
120 121 4169.45
121 96 -4169.45
121 97 -3139.59
121 98 -4152.77
121 99 3122.92
121 118 4152.77
121 119 -5215.98
121 120 4169.45
121 121 5232.66
98 98 5232.66
98 99 4169.45
98 100 3122.92
98 101 -4152.77
98 120 -5215.98
98 121 4152.77
98 122 -3139.59
98 123 -4169.45
99 98 4169.45
99 99 5232.66
99 100 4152.77
99 101 -5215.98
99 120 -4152.77
99 121 3122.92
99 122 -4169.45
99 123 -3139.59
100 98 3122.92
100 99 4152.77
100 100 5232.66
100 101 -4169.45
100 120 -3139.59
100 121 4169.45
100 122 -5215.98
100 123 -4152.77
101 98 -4152.77
101 99 -5215.98
101 100 -4169.45
101 101 5232.66
101 120 4169.45
101 121 -3139.59
101 122 4152.77
101 123 3122.92
120 98 -5215.98
120 99 -4152.77
120 100 -3139.59
120 101 4169.45
120 120 5232.66
120 121 -4169.45
120 122 3122.92
120 123 4152.77
121 98 4152.77
121 99 3122.92
121 100 4169.45
121 101 -3139.59
121 120 -4169.45
121 121 5232.66
121 122 -4152.77
121 123 -5215.98
122 98 -3139.59
122 99 -4169.45
122 100 -5215.98
122 101 4152.77
122 120 3122.92
122 121 -4152.77
122 122 5232.66
122 123 4169.45
123 98 -4169.45
123 99 -3139.59
123 100 -4152.77
123 101 3122.92
123 120 4152.77
123 121 -5215.98
123 122 4169.45
123 123 5232.66
100 100 5155.09
100 101 4049.47
100 102 2892.21
100 103 -4033.75
100 122 -5139.37
100 123 3965.71
100 124 -2907.93
100 125 -3981.42
101 100 4049.47
101 101 4982.83
101 102 3793.79
101 103 -4966.76
101 122 -4033.4
101 123 2891.87
101 124 -3809.85
101 125 -2907.93
102 100 2892.21
102 101 3793.79
102 102 4538.55
102 103 -3809.51
102 122 -2907.93
102 123 3607.3
102 124 -4522.83
102 125 -3591.58
103 100 -4033.75
103 101 -4966.76
103 102 -3809.51
103 103 4981.6
103 122 4048.58
103 123 -2907.93
103 124 3794.68
103 125 2893.1
122 100 -5139.37
122 101 -4033.4
122 102 -2907.93
122 103 4048.58
122 122 5154.55
122 123 -3981.77
122 124 2892.75
122 125 3966.59
123 100 3965.71
123 101 2891.87
123 102 3607.3
123 103 -2907.93
123 122 -3981.77
123 123 4711.5
123 124 -3591.24
123 125 -4695.43
124 100 -2907.93
124 101 -3809.85
124 102 -4522.83
124 103 3794.68
124 122 2892.75
124 123 -3591.24
124 124 4538
124 125 3606.42
125 100 -3981.42
125 101 -2907.93
125 102 -3591.58
125 103 2893.1
125 122 3966.59
125 123 -4695.43
125 124 3606.42
125 125 4710.27
116 116 3565.49
116 117 3117.87
116 118 2569.45
116 119 -3104
116 138 -3551.61
116 139 2992.58
116 140 -2583.33
116 141 -3006.45
117 116 3117.87
117 117 4379.58
117 118 3805.05
117 119 -4367.34
117 138 -3105.63
117 139 2571.08
117 140 -3817.29
117 141 -2583.33
118 116 2569.45
118 117 3805.05
118 118 5045.91
118 119 -3818.92
118 138 -2583.33
118 139 3779.91
118 140 -5032.03
118 141 -3766.04
119 116 -3104
119 117 -4367.34
119 118 -3818.92
119 119 4382.54
119 138 3119.2
119 139 -2583.33
119 140 3803.72
119 141 2568.13
138 116 -3551.61
138 117 -3105.63
138 118 -2583.33
138 119 3119.2
138 138 3565.19
138 139 -3004.83
138 140 2569.76
138 141 2991.25
139 116 2992.58
139 117 2571.08
139 118 3779.91
139 119 -2583.33
139 138 -3004.83
139 139 4228.55
139 140 -3767.67
139 141 -4216.31
140 116 -2583.33
140 117 -3817.29
140 118 -5032.03
140 119 3803.72
140 138 2569.76
140 139 -3767.67
140 140 5045.61
140 141 3781.24
141 116 -3006.45
141 117 -2583.33
141 118 -3766.04
141 119 2568.13
141 138 2991.25
141 139 -4216.31
141 140 3781.24
141 141 4231.51
118 118 5232.66
118 119 4169.45
118 120 3122.92
118 121 -4152.77
118 140 -5215.98
118 141 4152.77
118 142 -3139.59
118 143 -4169.45
119 118 4169.45
119 119 5232.66
119 120 4152.77
119 121 -5215.98
119 140 -4152.77
119 141 3122.92
119 142 -4169.45
119 143 -3139.59
120 118 3122.92
120 119 4152.77
120 120 5232.66
120 121 -4169.45
120 140 -3139.59
120 141 4169.45
120 142 -5215.98
120 143 -4152.77
121 118 -4152.77
121 119 -5215.98
121 120 -4169.45
121 121 5232.66
121 140 4169.45
121 141 -3139.59
121 142 4152.77
121 143 3122.92
140 118 -5215.98
140 119 -4152.77
140 120 -3139.59
140 121 4169.45
140 140 5232.66
140 141 -4169.45
140 142 3122.92
140 143 4152.77
141 118 4152.77
141 119 3122.92
141 120 4169.45
141 121 -3139.59
141 140 -4169.45
141 141 5232.66
141 142 -4152.77
141 143 -5215.98
142 118 -3139.59
142 119 -4169.45
142 120 -5215.98
142 121 4152.77
142 140 3122.92
142 141 -4152.77
142 142 5232.66
142 143 4169.45
143 118 -4169.45
143 119 -3139.59
143 120 -4152.77
143 121 3122.92
143 140 4152.77
143 141 -5215.98
143 142 4169.45
143 143 5232.66
120 120 5232.66
120 121 4169.45
120 122 3122.92
120 123 -4152.77
120 142 -5215.98
120 143 4152.77
120 144 -3139.59
120 145 -4169.45
121 120 4169.45
121 121 5232.66
121 122 4152.77
121 123 -5215.98
121 142 -4152.77
121 143 3122.92
121 144 -4169.45
121 145 -3139.59
122 120 3122.92
122 121 4152.77
122 122 5232.66
122 123 -4169.45
122 142 -3139.59
122 143 4169.45
122 144 -5215.98
122 145 -4152.77
123 120 -4152.77
123 121 -5215.98
123 122 -4169.45
123 123 5232.66
123 142 4169.45
123 143 -3139.59
123 144 4152.77
123 145 3122.92
142 120 -5215.98
142 121 -4152.77
142 122 -3139.59
142 123 4169.45
142 142 5232.66
142 143 -4169.45
142 144 3122.92
142 145 4152.77
143 120 4152.77
143 121 3122.92
143 122 4169.45
143 123 -3139.59
143 142 -4169.45
143 143 5232.66
143 144 -4152.77
143 145 -5215.98
144 120 -3139.59
144 121 -4169.45
144 122 -5215.98
144 123 4152.77
144 142 3122.92
144 143 -4152.77
144 144 5232.66
144 145 4169.45
145 120 -4169.45
145 121 -3139.59
145 122 -4152.77
145 123 3122.92
145 142 4152.77
145 143 -5215.98
145 144 4169.45
145 145 5232.66
122 122 5045.91
122 123 3818.92
122 124 2569.45
122 125 -3805.05
122 144 -5032.03
122 145 3766.04
122 146 -2583.33
122 147 -3779.91
123 122 3818.92
123 123 4382.54
123 124 3104
123 125 -4367.34
123 144 -3803.72
123 145 2568.13
123 146 -3119.2
123 147 -2583.33
124 122 2569.45
124 123 3104
124 124 3565.49
124 125 -3117.87
124 144 -2583.33
124 145 3006.45
124 146 -3551.61
124 147 -2992.58
125 122 -3805.05
125 123 -4367.34
125 124 -3117.87
125 125 4379.58
125 144 3817.29
125 145 -2583.33
125 146 3105.63
125 147 2571.08
144 122 -5032.03
144 123 -3803.72
144 124 -2583.33
144 125 3817.29
144 144 5045.61
144 145 -3781.24
144 146 2569.76
144 147 3767.67
145 122 3766.04
145 123 2568.13
145 124 3006.45
145 125 -2583.33
145 144 -3781.24
145 145 4231.51
145 146 -2991.25
145 147 -4216.31
146 122 -2583.33
146 123 -3119.2
146 124 -3551.61
146 125 3105.63
146 144 2569.76
146 145 -2991.25
146 146 3565.19
146 147 3004.83
147 122 -3779.91
147 123 -2583.33
147 124 -2992.58
147 125 2571.08
147 144 3767.67
147 145 -4216.31
147 146 3004.83
147 147 4228.55
138 138 2960.69
138 139 2702.79
138 140 2368.8
138 141 -2690.03
138 160 -2947.93
138 161 2605.42
138 162 -2381.56
138 163 -2618.19
139 138 2702.79
139 139 4025.2
139 140 3667.8
139 141 -4014.56
139 160 -2692.16
139 161 2370.93
139 162 -3678.43
139 163 -2381.56
140 138 2368.8
140 139 3667.8
140 140 4978.08
140 141 -3680.56
140 160 -2381.56
140 161 3649.75
140 162 -4965.31
140 163 -3636.99
141 138 -2690.03
141 139 -4014.56
141 140 -3680.56
141 141 4029.22
141 160 2704.69
141 161 -2381.56
141 162 3665.9
141 163 2366.9
160 138 -2947.93
160 139 -2692.16
160 140 -2381.56
160 141 2704.69
160 160 2960.46
160 161 -2616.06
160 162 2369.03
160 163 2603.52
161 138 2605.42
161 139 2370.93
161 140 3649.75
161 141 -2381.56
161 160 -2616.06
161 161 3909.32
161 162 -3639.12
161 163 -3898.68
162 138 -2381.56
162 139 -3678.43
162 140 -4965.31
162 141 3665.9
162 160 2369.03
162 161 -3639.12
162 162 4977.85
162 163 3651.65
163 138 -2618.19
163 139 -2381.56
163 140 -3636.99
163 141 2366.9
163 160 2603.52
163 161 -3898.68
163 162 3651.65
163 163 3913.35
140 140 5232.66
140 141 4169.45
140 142 3122.92
140 143 -4152.77
140 162 -5215.98
140 163 4152.77
140 164 -3139.59
140 165 -4169.45
141 140 4169.45
141 141 5232.66
141 142 4152.77
141 143 -5215.98
141 162 -4152.77
141 163 3122.92
141 164 -4169.45
141 165 -3139.59
142 140 3122.92
142 141 4152.77
142 142 5232.66
142 143 -4169.45
142 162 -3139.59
142 163 4169.45
142 164 -5215.98
142 165 -4152.77
143 140 -4152.77
143 141 -5215.98
143 142 -4169.45
143 143 5232.66
143 162 4169.45
143 163 -3139.59
143 164 4152.77
143 165 3122.92
162 140 -5215.98
162 141 -4152.77
162 142 -3139.59
162 143 4169.45
162 162 5232.66
162 163 -4169.45
162 164 3122.92
162 165 4152.77
163 140 4152.77
163 141 3122.92
163 142 4169.45
163 143 -3139.59
163 162 -4169.45
163 163 5232.66
163 164 -4152.77
163 165 -5215.98
164 140 -3139.59
164 141 -4169.45
164 142 -5215.98
164 143 4152.77
164 162 3122.92
164 163 -4152.77
164 164 5232.66
164 165 4169.45
165 140 -4169.45
165 141 -3139.59
165 142 -4152.77
165 143 3122.92
165 162 4152.77
165 163 -5215.98
165 164 4169.45
165 165 5232.66
142 142 5232.66
142 143 4169.45
142 144 3122.92
142 145 -4152.77
142 164 -5215.98
142 165 4152.77
142 166 -3139.59
142 167 -4169.45
143 142 4169.45
143 143 5232.66
143 144 4152.77
143 145 -5215.98
143 164 -4152.77
143 165 3122.92
143 166 -4169.45
143 167 -3139.59
144 142 3122.92
144 143 4152.77
144 144 5232.66
144 145 -4169.45
144 164 -3139.59
144 165 4169.45
144 166 -5215.98
144 167 -4152.77
145 142 -4152.77
145 143 -5215.98
145 144 -4169.45
145 145 5232.66
145 164 4169.45
145 165 -3139.59
145 166 4152.77
145 167 3122.92
164 142 -5215.98
164 143 -4152.77
164 144 -3139.59
164 145 4169.45
164 164 5232.66
164 165 -4169.45
164 166 3122.92
164 167 4152.77
165 142 4152.77
165 143 3122.92
165 144 4169.45
165 145 -3139.59
165 164 -4169.45
165 165 5232.66
165 166 -4152.77
165 167 -5215.98
166 142 -3139.59
166 143 -4169.45
166 144 -5215.98
166 145 4152.77
166 164 3122.92
166 165 -4152.77
166 166 5232.66
166 167 4169.45
167 142 -4169.45
167 143 -3139.59
167 144 -4152.77
167 145 3122.92
167 164 4152.77
167 165 -5215.98
167 166 4169.45
167 167 5232.66
144 144 4978.08
144 145 3680.56
144 146 2368.8
144 147 -3667.8
144 166 -4965.31
144 167 3636.99
144 168 -2381.56
144 169 -3649.75
145 144 3680.56
145 145 4029.22
145 146 2690.03
145 147 -4014.56
145 166 -3665.9
145 167 2366.9
145 168 -2704.69
145 169 -2381.56
146 144 2368.8
146 145 2690.03
146 146 2960.69
146 147 -2702.79
146 166 -2381.56
146 167 2618.19
146 168 -2947.93
146 169 -2605.42
147 144 -3667.8
147 145 -4014.56
147 146 -2702.79
147 147 4025.2
147 166 3678.43
147 167 -2381.56
147 168 2692.16
147 169 2370.93
166 144 -4965.31
166 145 -3665.9
166 146 -2381.56
166 147 3678.43
166 166 4977.85
166 167 -3651.65
166 168 2369.03
166 169 3639.12
167 144 3636.99
167 145 2366.9
167 146 2618.19
167 147 -2381.56
167 166 -3651.65
167 167 3913.35
167 168 -2603.52
167 169 -3898.68
168 144 -2381.56
168 145 -2704.69
168 146 -2947.93
168 147 2692.16
168 166 2369.03
168 167 -2603.52
168 168 2960.46
168 169 2616.06
169 144 -3649.75
169 145 -2381.56
169 146 -2605.42
169 147 2370.93
169 166 3639.12
169 167 -3898.68
169 168 2616.06
169 169 3909.32
160 160 2350.59
160 161 2312.43
160 162 2166.28
160 163 -2300.71
160 182 -2338.86
160 183 2186.4
160 184 -2178
160 185 -2198.13
161 160 2312.43
161 161 3705.61
161 162 3538.72
161 163 -3696.6
161 182 -2303.42
161 183 2168.99
161 184 -3547.73
161 185 -2178
162 160 2166.28
162 161 3538.72
162 162 4909.73
162 163 -3550.44
162 182 -2178
162 183 3509.04
162 184 -4898
162 185 -3497.31
163 160 -2300.71
163 161 -3696.6
163 162 -3550.44
163 163 3710.72
163 182 2314.83
163 183 -2178
163 184 3536.32
163 185 2163.88
182 160 -2338.86
182 161 -2303.42
182 162 -2178
182 163 2314.83
182 182 2350.28
182 183 -2195.42
182 184 2166.59
182 185 2184
183 160 2186.4
183 161 2168.99
183 162 3509.04
183 163 -2178
183 182 -2195.42
183 183 3549.28
183 184 -3500.02
183 185 -3540.27
184 160 -2178
184 161 -3547.73
184 162 -4898
184 163 3536.32
184 182 2166.59
184 183 -3500.02
184 184 4909.41
184 185 3511.44
185 160 -2198.13
185 161 -2178
185 162 -3497.31
185 163 2163.88
185 182 2184
185 183 -3540.27
185 184 3511.44
185 185 3554.39
162 162 5232.66
162 163 4169.45
162 164 3122.92
162 165 -4152.77
162 184 -5215.98
162 185 4152.77
162 186 -3139.59
162 187 -4169.45
163 162 4169.45
163 163 5232.66
163 164 4152.77
163 165 -5215.98
163 184 -4152.77
163 185 3122.92
163 186 -4169.45
163 187 -3139.59
164 162 3122.92
164 163 4152.77
164 164 5232.66
164 165 -4169.45
164 184 -3139.59
164 185 4169.45
164 186 -5215.98
164 187 -4152.77
165 162 -4152.77
165 163 -5215.98
165 164 -4169.45
165 165 5232.66
165 184 4169.45
165 185 -3139.59
165 186 4152.77
165 187 3122.92
184 162 -5215.98
184 163 -4152.77
184 164 -3139.59
184 165 4169.45
184 184 5232.66
184 185 -4169.45
184 186 3122.92
184 187 4152.77
185 162 4152.77
185 163 3122.92
185 164 4169.45
185 165 -3139.59
185 184 -4169.45
185 185 5232.66
185 186 -4152.77
185 187 -5215.98
186 162 -3139.59
186 163 -4169.45
186 164 -5215.98
186 165 4152.77
186 184 3122.92
186 185 -4152.77
186 186 5232.66
186 187 4169.45
187 162 -4169.45
187 163 -3139.59
187 164 -4152.77
187 165 3122.92
187 184 4152.77
187 185 -5215.98
187 186 4169.45
187 187 5232.66
164 164 5232.66
164 165 4169.45
164 166 3122.92
164 167 -4152.77
164 186 -5215.98
164 187 4152.77
164 188 -3139.59
164 189 -4169.45
165 164 4169.45
165 165 5232.66
165 166 4152.77
165 167 -5215.98
165 186 -4152.77
165 187 3122.92
165 188 -4169.45
165 189 -3139.59
166 164 3122.92
166 165 4152.77
166 166 5232.66
166 167 -4169.45
166 186 -3139.59
166 187 4169.45
166 188 -5215.98
166 189 -4152.77
167 164 -4152.77
167 165 -5215.98
167 166 -4169.45
167 167 5232.66
167 186 4169.45
167 187 -3139.59
167 188 4152.77
167 189 3122.92
186 164 -5215.98
186 165 -4152.77
186 166 -3139.59
186 167 4169.45
186 186 5232.66
186 187 -4169.45
186 188 3122.92
186 189 4152.77
187 164 4152.77
187 165 3122.92
187 166 4169.45
187 167 -3139.59
187 186 -4169.45
187 187 5232.66
187 188 -4152.77
187 189 -5215.98
188 164 -3139.59
188 165 -4169.45
188 166 -5215.98
188 167 4152.77
188 186 3122.92
188 187 -4152.77
188 188 5232.66
188 189 4169.45
189 164 -4169.45
189 165 -3139.59
189 166 -4152.77
189 167 3122.92
189 186 4152.77
189 187 -5215.98
189 188 4169.45
189 189 5232.66
166 166 4909.73
166 167 3550.44
166 168 2166.28
166 169 -3538.72
166 188 -4898
166 189 3497.31
166 190 -2178
166 191 -3509.04
167 166 3550.44
167 167 3710.72
167 168 2300.71
167 169 -3696.6
167 188 -3536.32
167 189 2163.88
167 190 -2314.83
167 191 -2178
168 166 2166.28
168 167 2300.71
168 168 2350.59
168 169 -2312.43
168 188 -2178
168 189 2198.13
168 190 -2338.86
168 191 -2186.4
169 166 -3538.72
169 167 -3696.6
169 168 -2312.43
169 169 3705.61
169 188 3547.73
169 189 -2178
169 190 2303.42
169 191 2168.99
188 166 -4898
188 167 -3536.32
188 168 -2178
188 169 3547.73
188 188 4909.41
188 189 -3511.44
188 190 2166.59
188 191 3500.02
189 166 3497.31
189 167 2163.88
189 168 2198.13
189 169 -2178
189 188 -3511.44
189 189 3554.39
189 190 -2184
189 191 -3540.27
190 166 -2178
190 167 -2314.83
190 168 -2338.86
190 169 2303.42
190 188 2166.59
190 189 -2184
190 190 2350.28
190 191 2195.42
191 166 -3509.04
191 167 -2178
191 168 -2186.4
191 169 2168.99
191 188 3500.02
191 189 -3540.27
191 190 2195.42
191 191 3549.28
182 182 1443.75
182 183 1744.44
182 184 1865.21
182 185 -1734.23
182 204 -1433.53
182 205 1551.31
182 206 -1875.42
182 207 -1561.52
183 182 1744.44
183 183 3246.95
183 184 3350.9
183 185 -3240.34
183 204 -1737.84
183 205 1868.82
183 206 -3357.5
183 207 -1875.42
184 182 1865.21
184 183 3350.9
184 184 4808.16
184 185 -3361.11
184 204 -1875.42
184 205 3295.83
184 206 -4797.94
184 207 -3285.61
185 182 -1734.23
185 183 -3240.34
185 184 -3361.11
185 185 3253.66
185 204 1747.55
185 205 -1875.42
185 206 3347.79
185 207 1862.1
204 182 -1433.53
204 183 -1737.84
204 184 -1875.42
204 185 1747.55
204 204 1443.25
204 205 -1557.91
204 206 1865.71
204 207 1548.2
205 182 1551.31
205 183 1868.82
205 184 3295.83
205 185 -1875.42
205 204 -1557.91
205 205 2997.74
205 206 -3289.22
205 207 -2991.14
206 182 -1875.42
206 183 -3357.5
206 184 -4797.94
206 185 3347.79
206 204 1865.71
206 205 -3289.22
206 206 4807.66
206 207 3298.93
207 182 -1561.52
207 183 -1875.42
207 184 -3285.61
207 185 1862.1
207 204 1548.2
207 205 -2991.14
207 206 3298.93
207 207 3004.46
184 184 5232.66
184 185 4169.45
184 186 3122.92
184 187 -4152.77
184 206 -5215.98
184 207 4152.77
184 208 -3139.59
184 209 -4169.45
185 184 4169.45
185 185 5232.66
185 186 4152.77
185 187 -5215.98
185 206 -4152.77
185 207 3122.92
185 208 -4169.45
185 209 -3139.59
186 184 3122.92
186 185 4152.77
186 186 5232.66
186 187 -4169.45
186 206 -3139.59
186 207 4169.45
186 208 -5215.98
186 209 -4152.77
187 184 -4152.77
187 185 -5215.98
187 186 -4169.45
187 187 5232.66
187 206 4169.45
187 207 -3139.59
187 208 4152.77
187 209 3122.92
206 184 -5215.98
206 185 -4152.77
206 186 -3139.59
206 187 4169.45
206 206 5232.66
206 207 -4169.45
206 208 3122.92
206 209 4152.77
207 184 4152.77
207 185 3122.92
207 186 4169.45
207 187 -3139.59
207 206 -4169.45
207 207 5232.66
207 208 -4152.77
207 209 -5215.98
208 184 -3139.59
208 185 -4169.45
208 186 -5215.98
208 187 4152.77
208 206 3122.92
208 207 -4152.77
208 208 5232.66
208 209 4169.45
209 184 -4169.45
209 185 -3139.59
209 186 -4152.77
209 187 3122.92
209 206 4152.77
209 207 -5215.98
209 208 4169.45
209 209 5232.66
186 186 5232.66
186 187 4169.45
186 188 3122.92
186 189 -4152.77
186 208 -5215.98
186 209 4152.77
186 210 -3139.59
186 211 -4169.45
187 186 4169.45
187 187 5232.66
187 188 4152.77
187 189 -5215.98
187 208 -4152.77
187 209 3122.92
187 210 -4169.45
187 211 -3139.59
188 186 3122.92
188 187 4152.77
188 188 5232.66
188 189 -4169.45
188 208 -3139.59
188 209 4169.45
188 210 -5215.98
188 211 -4152.77
189 186 -4152.77
189 187 -5215.98
189 188 -4169.45
189 189 5232.66
189 208 4169.45
189 209 -3139.59
189 210 4152.77
189 211 3122.92
208 186 -5215.98
208 187 -4152.77
208 188 -3139.59
208 189 4169.45
208 208 5232.66
208 209 -4169.45
208 210 3122.92
208 211 4152.77
209 186 4152.77
209 187 3122.92
209 188 4169.45
209 189 -3139.59
209 208 -4169.45
209 209 5232.66
209 210 -4152.77
209 211 -5215.98
210 186 -3139.59
210 187 -4169.45
210 188 -5215.98
210 189 4152.77
210 208 3122.92
210 209 -4152.77
210 210 5232.66
210 211 4169.45
211 186 -4169.45
211 187 -3139.59
211 188 -4152.77
211 189 3122.92
211 208 4152.77
211 209 -5215.98
211 210 4169.45
211 211 5232.66
188 188 4808.16
188 189 3361.11
188 190 1865.21
188 191 -3350.9
188 210 -4797.94
188 211 3285.61
188 212 -1875.42
188 213 -3295.83
189 188 3361.11
189 189 3253.66
189 190 1734.23
189 191 -3240.34
189 210 -3347.79
189 211 1862.1
189 212 -1747.55
189 213 -1875.42
190 188 1865.21
190 189 1734.23
190 190 1443.75
190 191 -1744.44
190 210 -1875.42
190 211 1561.52
190 212 -1433.53
190 213 -1551.31
191 188 -3350.9
191 189 -3240.34
191 190 -1744.44
191 191 3246.95
191 210 3357.5
191 211 -1875.42
191 212 1737.84
191 213 1868.82
210 188 -4797.94
210 189 -3347.79
210 190 -1875.42
210 191 3357.5
210 210 4807.66
210 211 -3298.93
210 212 1865.71
210 213 3289.22
211 188 3285.61
211 189 1862.1
211 190 1561.52
211 191 -1875.42
211 210 -3298.93
211 211 3004.46
211 212 -1548.2
211 213 -2991.14
212 188 -1875.42
212 189 -1747.55
212 190 -1433.53
212 191 1737.84
212 210 1865.71
212 211 -1548.2
212 212 1443.25
212 213 1557.91
213 188 -3295.83
213 189 -1875.42
213 190 -1551.31
213 191 1868.82
213 210 3289.22
213 211 -2991.14
213 212 1557.91
213 213 2997.74
204 204 511.653
204 205 1012.66
204 206 1410.38
204 207 -1004.77
204 226 -503.76
204 227 901.704
204 228 -1418.28
204 229 -909.597
205 204 1012.66
205 205 2540
205 206 2925.99
205 207 -2536.16
205 226 -1008.82
205 227 1414.44
205 228 -2929.83
205 229 -1418.28
206 204 1410.38
206 205 2925.99
206 206 4216.65
206 207 -2933.88
206 226 -1418.28
206 227 2678.58
206 228 -4208.76
206 229 -2670.69
207 204 -1004.77
207 205 -2536.16
207 206 -2933.88
207 207 2547.39
207 226 1016
207 227 -1418.28
207 228 2922.65
207 229 1407.04
226 204 -503.76
226 205 -1008.82
226 206 -1418.28
226 207 1016
226 226 510.935
226 227 -905.54
226 228 1411.1
226 229 898.365
227 204 901.704
227 205 1414.44
227 206 2678.58
227 207 -1418.28
227 226 -905.54
227 227 2180.2
227 228 -2674.75
227 229 -2176.36
228 204 -1418.28
228 205 -2929.83
228 206 -4208.76
228 207 2922.65
228 226 1411.1
228 227 -2674.75
228 228 4215.93
228 229 2681.92
229 204 -909.597
229 205 -1418.28
229 206 -2670.69
229 207 1407.04
229 226 898.365
229 227 -2176.36
229 228 2681.92
229 229 2187.59
206 206 5232.66
206 207 4169.45
206 208 3122.92
206 209 -4152.77
206 228 -5215.98
206 229 4152.77
206 230 -3139.59
206 231 -4169.45
207 206 4169.45
207 207 5232.66
207 208 4152.77
207 209 -5215.98
207 228 -4152.77
207 229 3122.92
207 230 -4169.45
207 231 -3139.59
208 206 3122.92
208 207 4152.77
208 208 5232.66
208 209 -4169.45
208 228 -3139.59
208 229 4169.45
208 230 -5215.98
208 231 -4152.77
209 206 -4152.77
209 207 -5215.98
209 208 -4169.45
209 209 5232.66
209 228 4169.45
209 229 -3139.59
209 230 4152.77
209 231 3122.92
228 206 -5215.98
228 207 -4152.77
228 208 -3139.59
228 209 4169.45
228 228 5232.66
228 229 -4169.45
228 230 3122.92
228 231 4152.77
229 206 4152.77
229 207 3122.92
229 208 4169.45
229 209 -3139.59
229 228 -4169.45
229 229 5232.66
229 230 -4152.77
229 231 -5215.98
230 206 -3139.59
230 207 -4169.45
230 208 -5215.98
230 209 4152.77
230 228 3122.92
230 229 -4152.77
230 230 5232.66
230 231 4169.45
231 206 -4169.45
231 207 -3139.59
231 208 -4152.77
231 209 3122.92
231 228 4152.77
231 229 -5215.98
231 230 4169.45
231 231 5232.66
208 208 5232.66
208 209 4169.45
208 210 3122.92
208 211 -4152.77
208 230 -5215.98
208 231 4152.77
208 232 -3139.59
208 233 -4169.45
209 208 4169.45
209 209 5232.66
209 210 4152.77
209 211 -5215.98
209 230 -4152.77
209 231 3122.92
209 232 -4169.45
209 233 -3139.59
210 208 3122.92
210 209 4152.77
210 210 5232.66
210 211 -4169.45
210 230 -3139.59
210 231 4169.45
210 232 -5215.98
210 233 -4152.77
211 208 -4152.77
211 209 -5215.98
211 210 -4169.45
211 211 5232.66
211 230 4169.45
211 231 -3139.59
211 232 4152.77
211 233 3122.92
230 208 -5215.98
230 209 -4152.77
230 210 -3139.59
230 211 4169.45
230 230 5232.66
230 231 -4169.45
230 232 3122.92
230 233 4152.77
231 208 4152.77
231 209 3122.92
231 210 4169.45
231 211 -3139.59
231 230 -4169.45
231 231 5232.66
231 232 -4152.77
231 233 -5215.98
232 208 -3139.59
232 209 -4169.45
232 210 -5215.98
232 211 4152.77
232 230 3122.92
232 231 -4152.77
232 232 5232.66
232 233 4169.45
233 208 -4169.45
233 209 -3139.59
233 210 -4152.77
233 211 3122.92
233 230 4152.77
233 231 -5215.98
233 232 4169.45
233 233 5232.66
210 210 4216.65
210 211 2933.88
210 212 1410.38
210 213 -2925.99
210 232 -4208.76
210 233 2670.69
210 234 -1418.28
210 235 -2678.58
211 210 2933.88
211 211 2547.39
211 212 1004.77
211 213 -2536.16
211 232 -2922.65
211 233 1407.04
211 234 -1016
211 235 -1418.28
212 210 1410.38
212 211 1004.77
212 212 511.653
212 213 -1012.66
212 232 -1418.28
212 233 909.597
212 234 -503.76
212 235 -901.704
213 210 -2925.99
213 211 -2536.16
213 212 -1012.66
213 213 2540
213 232 2929.83
213 233 -1418.28
213 234 1008.82
213 235 1414.44
232 210 -4208.76
232 211 -2922.65
232 212 -1418.28
232 213 2929.83
232 232 4215.93
232 233 -2681.92
232 234 1411.1
232 235 2674.75
233 210 2670.69
233 211 1407.04
233 212 909.597
233 213 -1418.28
233 232 -2681.92
233 233 2187.59
233 234 -898.365
233 235 -2176.36
234 210 -1418.28
234 211 -1016
234 212 -503.76
234 213 1008.82
234 232 1411.1
234 233 -898.365
234 234 510.935
234 235 905.54
235 210 -2678.58
235 211 -1418.28
235 212 -901.704
235 213 1414.44
235 232 2674.75
235 233 -2176.36
235 234 905.54
235 235 2180.2
